0 0.17708333333333334 0.6875 0.1375 0.10625
0 0.3 0.5046875 0.1375 0.115625
0 0.4666666666666667 0.5140625 0.17291666666666666 0.13125
0 0.5979166666666667 0.5484375 0.14166666666666666 0.1078125
0 0.6041666666666666 0.459375 0.13958333333333334 0.1
0 0.7104166666666667 0.390625 0.13541666666666666 0.109375
0 0.75625 0.2796875 0.15833333333333333 0.1328125
0 0.5875 0.359375 0.11041666666666666 0.0984375
0 0.46041666666666664 0.3984375 0.14583333333333334 0.109375
0 0.35625 0.296875 0.18333333333333332 0.1453125
0 0.5541666666666667 0.26875 0.11875 0.0984375
0 0.625 0.1890625 0.12083333333333333 0.1078125