0 0.3541666666666667 0.28125 0.10208333333333333 0.0875
0 0.4979166666666667 0.259375 0.12083333333333333 0.1078125
0 0.69375 0.315625 0.11458333333333333 0.0875
0 0.5229166666666667 0.3796875 0.11458333333333333 0.0828125
0 0.32083333333333336 0.4078125 0.15625 0.1109375
0 0.5020833333333333 0.484375 0.12916666666666668 0.10625
0 0.5833333333333334 0.4765625 0.14166666666666666 0.1234375
0 0.4125 0.49375 0.11875 0.1
0 0.30625 0.5609375 0.14791666666666667 0.1140625
0 0.27291666666666664 0.7 0.175 0.125
0 0.4583333333333333 0.6546875 0.17916666666666667 0.1390625
0 0.65 0.5734375 0.14583333333333334 0.11875
0 0.6395833333333333 0.68125 0.14375 0.1046875