0 0.2640625 0.8125 0.1046875 0.1375
0 0.371875 0.6875 0.08125 0.1125
0 0.415625 0.5916666666666667 0.075 0.10208333333333333
0 0.4703125 0.6604166666666667 0.0734375 0.09791666666666667
0 0.51875 0.7395833333333334 0.075 0.0875
0 0.5875 0.7958333333333333 0.0875 0.12083333333333333
0 0.609375 0.6833333333333333 0.078125 0.10416666666666667
0 0.5421875 0.6416666666666667 0.0625 0.08958333333333333
0 0.0890625 0.5166666666666667 0.0796875 0.09375
0 0.3203125 0.55625 0.078125 0.09583333333333334
0 0.278125 0.48333333333333334 0.075 0.08958333333333333
0 0.2875 0.4 0.075 0.08541666666666667
0 0.25625 0.31666666666666665 0.0890625 0.09791666666666667
0 0.3296875 0.34375 0.05625 0.06666666666666667
0 0.3328125 0.2833333333333333 0.0546875 0.06458333333333334
0 0.3546875 0.22708333333333333 0.05625 0.06041666666666667
0 0.384375 0.31666666666666665 0.065625 0.07083333333333333
0 0.3828125 0.40208333333333335 0.0734375 0.08541666666666667
0 0.4640625 0.4791666666666667 0.065625 0.08125
0 0.525 0.5375 0.0796875 0.10625
0 0.59375 0.5958333333333333 0.0609375 0.08541666666666667
0 0.6859375 0.6666666666666666 0.08125 0.10416666666666667
0 0.7671875 0.69375 0.08125 0.10416666666666667
0 0.75 0.5625 0.059375 0.07916666666666666
0 0.653125 0.56875 0.075 0.0875
0 0.596875 0.50625 0.0703125 0.08541666666666667
0 0.5453125 0.4479166666666667 0.059375 0.07083333333333333
0 0.50625 0.38333333333333336 0.0703125 0.08125
0 0.4453125 0.35208333333333336 0.0625 0.075
0 0.4171875 0.2520833333333333 0.075 0.08333333333333333
0 0.4609375 0.19166666666666668 0.0609375 0.06875
0 0.4859375 0.25416666666666665 0.0609375 0.07083333333333333
0 0.5625 0.23125 0.059375 0.06666666666666667
0 0.609375 0.19375 0.065625 0.075
0 0.578125 0.29375 0.0671875 0.06875
0 0.5671875 0.36041666666666666 0.0578125 0.06875
0 0.625 0.3458333333333333 0.06875 0.07916666666666666
0 0.6140625 0.42291666666666666 0.0765625 0.08958333333333333
0 0.690625 0.4895833333333333 0.0921875 0.11041666666666666
0 0.83125 0.47291666666666665 0.08125 0.09583333333333334
0 0.78125 0.4 0.065625 0.07708333333333334
0 0.678125 0.39791666666666664 0.065625 0.08333333333333333
0 0.721875 0.35833333333333334 0.0671875 0.07708333333333334
0 0.671875 0.30416666666666664 0.0625 0.06666666666666667
0 0.6484375 0.24583333333333332 0.059375 0.058333333333333334
0 0.765625 0.2916666666666667 0.0640625 0.07083333333333333
0 0.840625 0.3333333333333333 0.0546875 0.0625