0 0.44583333333333336 0.321875 0.1375 0.096875
0 0.56875 0.3421875 0.1125 0.084375
0 0.6791666666666667 0.3578125 0.12083333333333333 0.090625
0 0.64375 0.446875 0.1125 0.0859375
0 0.5041666666666667 0.434375 0.15416666666666667 0.121875
0 0.35208333333333336 0.446875 0.14375 0.1046875
0 0.3020833333333333 0.55625 0.1625 0.125
0 0.25 0.6875 0.19375 0.1484375
0 0.4375 0.671875 0.18541666666666667 0.1453125
0 0.5125 0.553125 0.15208333333333332 0.121875
0 0.60625 0.6421875 0.14583333333333334 0.115625
0 0.5625 0.7609375 0.14791666666666667 0.115625
0 0.6875 0.55 0.13541666666666666 0.1046875