0 0.2964509394572025 0.8359375 0.162839248434238 0.1296875
0 0.3924843423799583 0.63125 0.15031315240083507 0.1
0 0.5636743215031316 0.6234375 0.162839248434238 0.1109375
0 0.7014613778705637 0.6328125 0.1419624217118998 0.10625
0 0.6659707724425887 0.5671875 0.13778705636743216 0.0859375
0 0.5177453027139874 0.5328125 0.12734864300626306 0.0796875
0 0.40501043841336115 0.4703125 0.162839248434238 0.09375
0 0.5908141962421712 0.3921875 0.11064718162839249 0.05625
0 0.5657620041753654 0.4421875 0.09394572025052192 0.0578125
0 0.6137787056367432 0.4953125 0.10438413361169102 0.065625
0 0.7223382045929019 0.5078125 0.13987473903966596 0.078125
0 0.7181628392484343 0.4328125 0.1440501043841336 0.0796875