0 0.35073068893528186 0.1796875 0.14822546972860126 0.11875
0 0.5010438413361169 0.171875 0.15031315240083507 0.1125
0 0.5845511482254697 0.275 0.14822546972860126 0.11875
0 0.6576200417536534 0.365625 0.12317327766179541 0.1
0 0.5302713987473904 0.375 0.11899791231732777 0.0953125
0 0.3924843423799583 0.365625 0.1419624217118998 0.115625
0 0.48643006263048016 0.4796875 0.162839248434238 0.1203125
0 0.33820459290187893 0.5109375 0.14613778705636743 0.115625
0 0.31941544885177453 0.6265625 0.15657620041753653 0.115625
0 0.3089770354906054 0.7515625 0.1732776617954071 0.1328125
0 0.524008350730689 0.5921875 0.15657620041753653 0.1171875
0 0.6346555323590815 0.465625 0.12734864300626306 0.0984375
0 0.7035490605427975 0.565625 0.1419624217118998 0.109375
0 0.6409185803757829 0.6671875 0.13987473903966596 0.103125
0 0.48643006263048016 0.715625 0.1732776617954071 0.1328125
0 0.6179540709812108 0.771875 0.12526096033402923 0.0984375